L 240,436 240,366
L 240,366 240,376
L 240,376 260,376
L 260,376 260,426
L 260,426 240,426
L 240,426 260,376
L 1402,161 1472,161
L 1472,161 1462,161
L 1462,161 1462,181
L 1462,181 1412,181
L 1412,181 1412,161
L 1412,161 1462,181
L 1412,866 1421,866
L 1374,866 1316,866
L 1452,866 1509,866
L 1509,866 1547,866
L 1586,866 1624,866
L 1624,866 1624,904
L 1624,904 1624,943
L 1624,943 1624,981
L 1624,866 1624,828
L 1624,828 1624,790
L 1624,790 1624,752
L 1624,866 1662,866
L 1624,904 1662,904
L 1624,943 1662,943
L 1624,981 1662,981
L 1624,828 1662,828
L 1624,790 1662,790
L 1624,752 1662,752
L 1681,962 1681,967
L 1681,962 1681,956
L 1681,1000 1681,1006
L 1681,1000 1681,994
L 1681,924 1681,929
L 1681,924 1681,918
L 1681,885 1681,891
L 1681,885 1681,880
L 1681,847 1681,853
L 1681,847 1681,841
L 1681,809 1681,815
L 1681,809 1681,803
L 1681,771 1681,777
L 1681,771 1681,765
L 1566,885 1566,891
L 1566,885 1566,880
L 1393,885 1393,891
L 1393,885 1393,880
L 1700,981 1792,981
L 1700,943 1792,943
L 1700,904 1792,904
L 1700,866 1792,866
L 1700,828 1792,828
L 1700,790 1792,790
L 1700,752 1792,752
L 1624,752 1624,714
L 1624,714 1662,714
L 1681,733 1681,738
L 1681,733 1681,727
L 1700,714 1792,714
L 1362,866 1362,908
L 1463,866 1463,908
L 1463,908 1362,908
L 1362,866 1362,824
L 1463,866 1463,824
L 1463,824 1362,824
L 1547,866 1536,866
L 1536,866 1536,1019
L 1536,1019 1803,1019
L 1803,1019 1803,695
L 1803,695 1536,695
L 1536,695 1536,866
L 1463,824 1463,817
L 1463,817 1463,805
L 1463,817 1479,817
L 1463,817 1448,817
L 1463,813 1475,813
L 1463,813 1452,813
L 1463,809 1456,809
L 1463,809 1471,809
L 1463,805 1460,805
L 1463,805 1467,805
L 1803,695 1803,687
L 1803,687 1803,675
L 1803,687 1818,687
L 1803,687 1788,687
L 1803,683 1814,683
L 1803,683 1792,683
L 1803,679 1795,679
L 1803,679 1811,679
L 1801,675 1805,675
L 1396,648 1849,648
L 1396,598 1849,598
L 1396,548 1849,548
L 1396,498 1849,498
L 1396,448 1849,448
L 1396,398 1849,398
L 1396,348 1849,348
L 1396,298 1849,298
L 1396,248 1849,248
L 1396,198 1849,198
L 1396,148 1849,148
L 1396,98 1849,98
L 1396,48 1849,48
L 1396,648 1396,48
L 1476,648 1476,48
L 1849,648 1849,48
L 500,965 380,965
L 500,960 380,960
L 500,955 500,970
L 380,970 380,955
L 922,135 802,135
L 922,130 802,130
L 922,125 922,140
L 802,140 802,125
L 230,355 230,235
L 235,355 235,235
L 240,355 225,355
L 225,235 240,235
L 785,965 725,965
L 785,960 725,960
L 725,970 725,955
L 785,970 785,955
L 1000,965 940,965
L 1000,960 940,960
L 940,970 940,955
L 1000,970 1000,955
L 460,755 420,755
L 440,755 440,735
L 775,855 735,855
L 755,855 755,835
L 775,595 735,595
L 755,595 755,575
L 460,342 420,342
L 440,342 440,322
L 882,290 843,290
L 862,290 862,270
L 1456,623 1416,623
L 1436,623 1436,603
L 0,1095 1310,1095
L 1310,1095 1310,0
L 1310,0 0,0
L 0,0 0,1095
L 1285,1070 1285,25
L 25,1070 225,1070
L 25,25 25,1070
L 1285,25 240,25
L 225,25 225,35
L 1085,970 1085,530
L 240,970 1085,970
L 1085,125 240,125
L 240,955 640,955
L 1070,955 1070,555
L 240,25 240,35
L 1070,140 655,140
L 240,970 240,1070
L 240,140 240,450
L 240,115 225,115
L 240,35 225,35
L 240,115 240,125
L 225,115 225,450
L 225,25 25,25
L 1070,540 940,540
L 240,555 640,555
L 640,140 640,450
L 655,140 655,450
L 640,140 240,140
L 240,555 240,955
L 655,955 855,955
L 855,540 855,740
L 870,955 870,555
L 870,955 1070,955
L 1070,440 855,440
L 870,555 880,555
L 640,540 240,540
L 880,555 880,540
L 940,555 1070,555
L 880,540 855,540
L 655,755 665,755
L 655,740 665,740
L 665,740 665,755
L 725,740 855,740
L 725,755 855,755
L 655,755 655,955
L 640,565 655,565
L 640,645 655,645
L 640,645 640,955
L 655,645 655,740
L 640,555 640,565
L 655,530 640,530
L 655,450 640,450
L 640,530 640,540
L 655,530 655,565
L 1070,455 855,455
L 855,455 855,440
L 1070,530 1085,530
L 1070,470 1085,470
L 1070,470 1070,455
L 1085,470 1085,125
L 1070,440 1070,140
L 1070,540 1070,530
L 240,530 225,530
L 240,450 225,450
L 240,530 240,540
L 225,530 225,1070
L 240,1070 1285,1070
L 725,740 725,755
L 940,555 940,540
L 855,755 855,955
L 240,955 225,955
L 1401,121 1471,121
L 640,295 648,295
L 440,540 440,555
L 240,655 233,655
L 233,655 233,855
L 240,855 233,855
L 640,675 648,675
L 648,675 648,800
L 640,800 648,800
L 755,755 755,748
L 755,748 805,748
L 805,748 805,755
L 905,455 905,447
L 905,447 962,447
L 962,455 962,447
L 648,295 648,420
L 640,420 648,420
L 1401,71 1471,71
L 329,282 277,282
L 277,282 267,305
L 706,920 756,920
L 756,920 765,913
L 296,767 246,767
L 233,781 246,767
L 584,338 630,338
L 630,338 648,348
L 533,572 484,572
L 484,572 440,548
L 584,732 634,732
L 634,732 648,747
L 851,824 768,824
L 768,824 735,803
L 711,706 766,706
L 766,706 793,748
L 1011,405 960,405
L 960,405 934,447
L 990,755 950,755
L 970,755 970,735
